results:

P(C):
[0.032 0.024 0.072 0.072 0.096 0.076 0.02  0.04  0.116 0.036 0.072 0.024
 0.028 0.032 0.024 0.028 0.028 0.12  0.028 0.032]

P(M,C):
[0.0, 0.0, 0.004, 0.0, 0.013, 0.048, 0.0, 0.004, 0.053, 0.009, 0.004, 0.0, 0.0, 0.004, 0.004, 0.004, 0.009, 0.053, 0.004, 0.004]
[0.004, 0.0, 0.053, 0.053, 0.018, 0.004, 0.0, 0.004, 0.0, 0.0, 0.053, 0.0, 0.004, 0.009, 0.0, 0.004, 0.0, 0.004, 0.0, 0.009]
[0.009, 0.004, 0.0, 0.004, 0.053, 0.009, 0.0, 0.013, 0.053, 0.009, 0.0, 0.004, 0.004, 0.0, 0.0, 0.0, 0.0, 0.053, 0.004, 0.0]
[0.0, 0.0, 0.0, 0.0, 0.0, 0.0, 0.001, 0.0, 0.0, 0.0, 0.005, 0.0, 0.0, 0.001, 0.005, 0.0, 0.001, 0.0, 0.006, 0.0]
[0.0, 0.001, 0.0, 0.005, 0.0, 0.005, 0.0, 0.0, 0.001, 0.0, 0.005, 0.001, 0.0, 0.0, 0.0, 0.0, 0.0, 0.0, 0.0, 0.0]
[0.0, 0.005, 0.0, 0.001, 0.0, 0.0, 0.0, 0.001, 0.0, 0.0, 0.0, 0.0, 0.0, 0.005, 0.001, 0.0, 0.0, 0.0, 0.0, 0.004]
[0.0, 0.0, 0.001, 0.0, 0.0, 0.0, 0.0, 0.005, 0.0, 0.0, 0.001, 0.001, 0.0, 0.005, 0.0, 0.001, 0.001, 0.0, 0.004, 0.0]
[0.001, 0.0, 0.0, 0.0, 0.001, 0.0, 0.0, 0.0, 0.0, 0.0, 0.001, 0.0, 0.009, 0.0, 0.004, 0.0, 0.0, 0.001, 0.0, 0.001]
[0.0, 0.0, 0.0, 0.001, 0.0, 0.0, 0.0, 0.005, 0.0, 0.0, 0.0, 0.001, 0.001, 0.0, 0.0, 0.009, 0.0, 0.0, 0.001, 0.0]
[0.0, 0.004, 0.004, 0.0, 0.001, 0.0, 0.0, 0.0, 0.0, 0.0, 0.0, 0.0, 0.0, 0.006, 0.0, 0.002, 0.0, 0.0, 0.0, 0.001]
[0.005, 0.0, 0.0, 0.0, 0.0, 0.0, 0.004, 0.0, 0.0, 0.0, 0.0, 0.0, 0.001, 0.0, 0.0, 0.002, 0.001, 0.0, 0.0, 0.005]
[0.0, 0.0, 0.001, 0.0, 0.004, 0.0, 0.0, 0.005, 0.0, 0.005, 0.0, 0.0, 0.0, 0.0, 0.0, 0.0, 0.001, 0.001, 0.0, 0.0]
[0.0, 0.0, 0.0, 0.001, 0.0, 0.0, 0.0, 0.0, 0.005, 0.001, 0.0, 0.0, 0.0, 0.0, 0.0, 0.0, 0.004, 0.0, 0.004, 0.001]
[0.0, 0.005, 0.001, 0.0, 0.0, 0.0, 0.005, 0.001, 0.0, 0.0, 0.001, 0.004, 0.0, 0.0, 0.0, 0.0, 0.0, 0.001, 0.0, 0.0]
[0.0, 0.0, 0.0, 0.0, 0.004, 0.0, 0.001, 0.0, 0.0, 0.0, 0.0, 0.0, 0.005, 0.0, 0.0, 0.001, 0.0, 0.005, 0.0, 0.0]
[0.001, 0.0, 0.0, 0.0, 0.0, 0.005, 0.005, 0.0, 0.0, 0.0, 0.0, 0.001, 0.0, 0.0, 0.0, 0.0, 0.005, 0.0, 0.001, 0.0]
[0.005, 0.001, 0.0, 0.0, 0.001, 0.001, 0.0, 0.0, 0.0, 0.005, 0.0, 0.0, 0.001, 0.0, 0.004, 0.0, 0.0, 0.0, 0.0, 0.0]
[0.0, 0.0, 0.0, 0.0, 0.001, 0.0, 0.001, 0.0, 0.001, 0.0, 0.0, 0.009, 0.001, 0.0, 0.0, 0.0, 0.005, 0.0, 0.0, 0.001]
[0.0, 0.001, 0.005, 0.0, 0.0, 0.0, 0.001, 0.0, 0.0, 0.0, 0.001, 0.0, 0.0, 0.0, 0.001, 0.005, 0.0, 0.001, 0.0, 0.004]
[0.005, 0.0, 0.0, 0.004, 0.0, 0.001, 0.0, 0.0, 0.001, 0.005, 0.0, 0.001, 0.001, 0.0, 0.001, 0.0, 0.0, 0.0, 0.0, 0.0]


[0.0, 0.14, 0.28, 0.01, 0.0, 0.01, 0.01, 0.02, 0.0, 0.01, 0.15, 0.0, 0.01, 0.01, 0.01, 0.02, 0.15, 0.0, 0.0, 0.15]
[0.0, 0.0, 0.18, 0.0, 0.05, 0.2, 0.0, 0.0, 0.0, 0.18, 0.02, 0.02, 0.0, 0.22, 0.02, 0.02, 0.03, 0.02, 0.05, 0.0]
[0.06, 0.73, 0.0, 0.0, 0.0, 0.01, 0.01, 0.0, 0.01, 0.06, 0.01, 0.02, 0.01, 0.01, 0.01, 0.01, 0.0, 0.0, 0.07, 0.01]
[0.0, 0.73, 0.06, 0.0, 0.07, 0.01, 0.01, 0.01, 0.02, 0.0, 0.01, 0.01, 0.02, 0.0, 0.01, 0.01, 0.0, 0.0, 0.0, 0.06]
[0.14, 0.18, 0.55, 0.0, 0.0, 0.0, 0.0, 0.01, 0.0, 0.01, 0.0, 0.05, 0.0, 0.0, 0.05, 0.0, 0.01, 0.01, 0.0, 0.0]
[0.64, 0.06, 0.12, 0.0, 0.06, 0.0, 0.01, 0.01, 0.01, 0.01, 0.0, 0.01, 0.0, 0.01, 0.01, 0.06, 0.01, 0.0, 0.0, 0.02]
[0.0, 0.0, 0.0, 0.04, 0.02, 0.0, 0.0, 0.0, 0.02, 0.0, 0.22, 0.02, 0.02, 0.26, 0.04, 0.24, 0.02, 0.04, 0.06, 0.0]
[0.11, 0.11, 0.33, 0.0, 0.0, 0.02, 0.13, 0.0, 0.12, 0.0, 0.01, 0.12, 0.0, 0.02, 0.0, 0.01, 0.01, 0.01, 0.0, 0.0]
[0.46, 0.0, 0.46, 0.0, 0.01, 0.0, 0.0, 0.0, 0.0, 0.0, 0.0, 0.0, 0.04, 0.0, 0.0, 0.0, 0.0, 0.01, 0.0, 0.01]
[0.24, 0.0, 0.24, 0.01, 0.0, 0.0, 0.0, 0.01, 0.0, 0.0, 0.01, 0.13, 0.03, 0.01, 0.01, 0.0, 0.14, 0.01, 0.0, 0.13]
[0.06, 0.73, 0.0, 0.07, 0.07, 0.01, 0.01, 0.01, 0.0, 0.0, 0.0, 0.0, 0.01, 0.01, 0.01, 0.01, 0.0, 0.0, 0.02, 0.0]
[0.0, 0.0, 0.18, 0.0, 0.03, 0.0, 0.03, 0.02, 0.05, 0.02, 0.0, 0.0, 0.02, 0.18, 0.02, 0.03, 0.0, 0.37, 0.0, 0.05]
[0.0, 0.16, 0.16, 0.01, 0.0, 0.01, 0.0, 0.31, 0.03, 0.01, 0.03, 0.01, 0.0, 0.0, 0.17, 0.0, 0.03, 0.03, 0.0, 0.03]
[0.14, 0.27, 0.0, 0.02, 0.01, 0.15, 0.15, 0.01, 0.0, 0.18, 0.0, 0.01, 0.0, 0.0, 0.0, 0.01, 0.01, 0.01, 0.0, 0.01]
[0.18, 0.0, 0.0, 0.2, 0.02, 0.05, 0.0, 0.18, 0.02, 0.02, 0.0, 0.02, 0.02, 0.02, 0.0, 0.02, 0.18, 0.0, 0.03, 0.05]
[0.16, 0.16, 0.0, 0.0, 0.0, 0.01, 0.03, 0.0, 0.31, 0.06, 0.06, 0.0, 0.01, 0.0, 0.03, 0.0, 0.0, 0.0, 0.17, 0.0]
[0.31, 0.0, 0.0, 0.03, 0.01, 0.01, 0.03, 0.0, 0.01, 0.0, 0.03, 0.03, 0.16, 0.0, 0.01, 0.17, 0.0, 0.17, 0.01, 0.0]
[0.44, 0.04, 0.44, 0.0, 0.0, 0.0, 0.0, 0.01, 0.0, 0.0, 0.0, 0.01, 0.0, 0.01, 0.04, 0.0, 0.0, 0.0, 0.01, 0.0]
[0.16, 0.0, 0.16, 0.2, 0.01, 0.01, 0.16, 0.01, 0.03, 0.01, 0.0, 0.0, 0.16, 0.01, 0.01, 0.03, 0.01, 0.01, 0.0, 0.0]
[0.14, 0.27, 0.0, 0.01, 0.01, 0.14, 0.0, 0.02, 0.01, 0.02, 0.16, 0.01, 0.02, 0.0, 0.0, 0.0, 0.0, 0.02, 0.14, 0.0]

Deterministic function:[2, 13, 1, 1, 2, 0, 13, 2, 0, 0, 1, 17, 7, 1, 3, 8, 0, 0, 3, 1]

Deterministic matrix:
[0, 0, 1, 0, 0, 0, 0, 0, 0, 0, 0, 0, 0, 0, 0, 0, 0, 0, 0, 0]
[0, 0, 0, 0, 0, 0, 0, 0, 0, 0, 0, 0, 0, 1, 0, 0, 0, 0, 0, 0]
[0, 1, 0, 0, 0, 0, 0, 0, 0, 0, 0, 0, 0, 0, 0, 0, 0, 0, 0, 0]
[0, 1, 0, 0, 0, 0, 0, 0, 0, 0, 0, 0, 0, 0, 0, 0, 0, 0, 0, 0]
[0, 0, 1, 0, 0, 0, 0, 0, 0, 0, 0, 0, 0, 0, 0, 0, 0, 0, 0, 0]
[1, 0, 0, 0, 0, 0, 0, 0, 0, 0, 0, 0, 0, 0, 0, 0, 0, 0, 0, 0]
[0, 0, 0, 0, 0, 0, 0, 0, 0, 0, 0, 0, 0, 1, 0, 0, 0, 0, 0, 0]
[0, 0, 1, 0, 0, 0, 0, 0, 0, 0, 0, 0, 0, 0, 0, 0, 0, 0, 0, 0]
[1, 0, 0, 0, 0, 0, 0, 0, 0, 0, 0, 0, 0, 0, 0, 0, 0, 0, 0, 0]
[1, 0, 0, 0, 0, 0, 0, 0, 0, 0, 0, 0, 0, 0, 0, 0, 0, 0, 0, 0]
[0, 1, 0, 0, 0, 0, 0, 0, 0, 0, 0, 0, 0, 0, 0, 0, 0, 0, 0, 0]
[0, 0, 0, 0, 0, 0, 0, 0, 0, 0, 0, 0, 0, 0, 0, 0, 0, 1, 0, 0]
[0, 0, 0, 0, 0, 0, 0, 1, 0, 0, 0, 0, 0, 0, 0, 0, 0, 0, 0, 0]
[0, 1, 0, 0, 0, 0, 0, 0, 0, 0, 0, 0, 0, 0, 0, 0, 0, 0, 0, 0]
[0, 0, 0, 1, 0, 0, 0, 0, 0, 0, 0, 0, 0, 0, 0, 0, 0, 0, 0, 0]
[0, 0, 0, 0, 0, 0, 0, 0, 1, 0, 0, 0, 0, 0, 0, 0, 0, 0, 0, 0]
[1, 0, 0, 0, 0, 0, 0, 0, 0, 0, 0, 0, 0, 0, 0, 0, 0, 0, 0, 0]
[1, 0, 0, 0, 0, 0, 0, 0, 0, 0, 0, 0, 0, 0, 0, 0, 0, 0, 0, 0]
[0, 0, 0, 1, 0, 0, 0, 0, 0, 0, 0, 0, 0, 0, 0, 0, 0, 0, 0, 0]
[0, 1, 0, 0, 0, 0, 0, 0, 0, 0, 0, 0, 0, 0, 0, 0, 0, 0, 0, 0]

Loss function 1:
0.5303999999999999

Stohastic matrix:
[0.0, 0.0, 1.0, 0.0, 0.0, 0.0, 0.0, 0.0, 0.0, 0.0, 0.0, 0.0, 0.0, 0.0, 0.0, 0.0, 0.0, 0.0, 0.0, 0.0]
[0.0, 0.0, 0.0, 0.0, 0.0, 0.0, 0.0, 0.0, 0.0, 0.0, 0.0, 0.0, 0.0, 1.0, 0.0, 0.0, 0.0, 0.0, 0.0, 0.0]
[0.0, 1.0, 0.0, 0.0, 0.0, 0.0, 0.0, 0.0, 0.0, 0.0, 0.0, 0.0, 0.0, 0.0, 0.0, 0.0, 0.0, 0.0, 0.0, 0.0]
[0.0, 1.0, 0.0, 0.0, 0.0, 0.0, 0.0, 0.0, 0.0, 0.0, 0.0, 0.0, 0.0, 0.0, 0.0, 0.0, 0.0, 0.0, 0.0, 0.0]
[0.0, 0.0, 1.0, 0.0, 0.0, 0.0, 0.0, 0.0, 0.0, 0.0, 0.0, 0.0, 0.0, 0.0, 0.0, 0.0, 0.0, 0.0, 0.0, 0.0]
[1.0, 0.0, 0.0, 0.0, 0.0, 0.0, 0.0, 0.0, 0.0, 0.0, 0.0, 0.0, 0.0, 0.0, 0.0, 0.0, 0.0, 0.0, 0.0, 0.0]
[0.0, 0.0, 0.0, 0.0, 0.0, 0.0, 0.0, 0.0, 0.0, 0.0, 0.0, 0.0, 0.0, 1.0, 0.0, 0.0, 0.0, 0.0, 0.0, 0.0]
[0.0, 0.0, 1.0, 0.0, 0.0, 0.0, 0.0, 0.0, 0.0, 0.0, 0.0, 0.0, 0.0, 0.0, 0.0, 0.0, 0.0, 0.0, 0.0, 0.0]
[0.5, 0.0, 0.5, 0.0, 0.0, 0.0, 0.0, 0.0, 0.0, 0.0, 0.0, 0.0, 0.0, 0.0, 0.0, 0.0, 0.0, 0.0, 0.0, 0.0]
[0.5, 0.0, 0.5, 0.0, 0.0, 0.0, 0.0, 0.0, 0.0, 0.0, 0.0, 0.0, 0.0, 0.0, 0.0, 0.0, 0.0, 0.0, 0.0, 0.0]
[0.0, 1.0, 0.0, 0.0, 0.0, 0.0, 0.0, 0.0, 0.0, 0.0, 0.0, 0.0, 0.0, 0.0, 0.0, 0.0, 0.0, 0.0, 0.0, 0.0]
[0.0, 0.0, 0.0, 0.0, 0.0, 0.0, 0.0, 0.0, 0.0, 0.0, 0.0, 0.0, 0.0, 0.0, 0.0, 0.0, 0.0, 1.0, 0.0, 0.0]
[0.0, 0.0, 0.0, 0.0, 0.0, 0.0, 0.0, 1.0, 0.0, 0.0, 0.0, 0.0, 0.0, 0.0, 0.0, 0.0, 0.0, 0.0, 0.0, 0.0]
[0.0, 1.0, 0.0, 0.0, 0.0, 0.0, 0.0, 0.0, 0.0, 0.0, 0.0, 0.0, 0.0, 0.0, 0.0, 0.0, 0.0, 0.0, 0.0, 0.0]
[0.0, 0.0, 0.0, 1.0, 0.0, 0.0, 0.0, 0.0, 0.0, 0.0, 0.0, 0.0, 0.0, 0.0, 0.0, 0.0, 0.0, 0.0, 0.0, 0.0]
[0.0, 0.0, 0.0, 0.0, 0.0, 0.0, 0.0, 0.0, 1.0, 0.0, 0.0, 0.0, 0.0, 0.0, 0.0, 0.0, 0.0, 0.0, 0.0, 0.0]
[1.0, 0.0, 0.0, 0.0, 0.0, 0.0, 0.0, 0.0, 0.0, 0.0, 0.0, 0.0, 0.0, 0.0, 0.0, 0.0, 0.0, 0.0, 0.0, 0.0]
[0.5, 0.0, 0.5, 0.0, 0.0, 0.0, 0.0, 0.0, 0.0, 0.0, 0.0, 0.0, 0.0, 0.0, 0.0, 0.0, 0.0, 0.0, 0.0, 0.0]
[0.0, 0.0, 0.0, 1.0, 0.0, 0.0, 0.0, 0.0, 0.0, 0.0, 0.0, 0.0, 0.0, 0.0, 0.0, 0.0, 0.0, 0.0, 0.0, 0.0]
[0.0, 1.0, 0.0, 0.0, 0.0, 0.0, 0.0, 0.0, 0.0, 0.0, 0.0, 0.0, 0.0, 0.0, 0.0, 0.0, 0.0, 0.0, 0.0, 0.0]

Loss function 2:
0.5304